20849 31657
3993 14381
31926 29184
4196 9636
4876 2056
25449 3193
24868 12097
28030 21049
14881 8910
8071 32076
16287 8047
7831 19589
27380 22447
14169 27896
15285 30815
8367 16908
12157 20802
20888 29649
26345 30218
28247 14227
7143 27523
4306 1711
19761 13583
28728 14245
17172 22098
11238 11631
20854 7470
15756 4369
31511 18418
22155 18802
23063 23502
11426 9578
29113 16267
31178 27676
19814 28280
13150 18310
4341 22440
15487 15702
24105 15706
6071 10751
13179 10425
23516 29197
10266 17862
28728 23989
10545 15250
21478 21169
7272 21680
29823 24651
2989 3050
22519 20919
15924 20787
7617 15013
25276 6877
6970 12823
12053 5900
5956 12144
6367 4459
26929 15822
2964 24861
32484 31130
16329 29431
3634 3166
6064 17388
30094 6870
9442 24520
4070 22857
15195 14370
32712 14873
13766 26507
13769 27290
20220 13580
13863 4640
13511 27600
25005 1884
14315 23325
17879 28648
15719 4745
14391 32288
21752 11882
16663 16692
6367 18574
6496 15227
15076 24876
16315 13066
25243 21531
26869 28806
16614 11842
20392 24630
31931 30544
10008 18780
23847 17325
13659 4038
21651 8880
22717 13216
20807 15634
31842 908
30508 14242
16429 13557
9942 11835
22497 22175
30145 23283
25990 20867
31707 15766
21263 27611
6723 22355
28473 633
8017 20148
20918 27740
27606 4052
19083 15493
32165 15564
24759 22023
850 622
9237 1630
23865 9526
22147 6657
12226 23165
12356 7995
27364 16880
17315 19254
27368 4929
17369 13657
5744 21532
13105 23763
7607 10845
15466 11384
16154 7808
15197 28877
13528 25176
14560 29790
12310 28676
24041 13912
1318 5408
8695 28499
27912 15928
14509 22640
49 5762
704 26788
20108 20428
1556 31827
14527 9907
12578 6945
28335 30486
28061 20485
14150 29898
18005 18335
25972 23695
9307 10443
7795 12611
26470 23414
21840 22870
23925 12720
8103 12414
23990 9987
18350 25004
2727 10755
16244 7486
32635 9255
22891 32630
27839 13271
27173 15147
26685 19654
14171 23742
29729 12930
22579 14672
346 330
27330 24114
28995 14623
17104 5277
23171 32541
30172 19876
5426 2316
26720 2662
21053 26419
16471 5256
16907 8300
24827 6883
3680 21630
21459 1657
11138 22694
17133 7086
17563 631
26729 15285
18271 5349
5943 23112
21230 924
16672 31644
3580 150
7691 20116
10287 2028
22649 14133
2760 24044
25427 23898
31878 13165
23781 5032
15559 25695
9002 10949
23025 1190
32074 1221
18192 12073
32353 31973
29889 19237
1410 30588
29006 15304
32508 11822
21530 11771
19163 3171
30784 30847
27826 12279
19063 16955
26776 25140
11833 25300
29041 7421
15908 12671
19567 28747
27552 13843
3544 23518
16834 28771
4873 28972
20336 10698
23995 20894
31942 1287
13445 23803
20409 16459
11426 9252
25594 23953
245 29699
6685 9518
23114 3262
16891 13993
27871 22832
17493 7116
3875 15001
4026 4603
11709 15508
19626 32197
16592 17738
7419 15545
9853 5606
27260 18811
1706 12105
2265 26135
9218 28414
11966 16532
15933 30832
2623 17869
27042 15962
29816 5756
32714 16512
2160 21144
3494 20893
8516 12001
25284 31132
897 2233
9677 18442
13777 27701
4691 10956
19674 16500
17353 7437
11875 3631
12755 17019
4024 5266
16833 17075
13136 8266
4437 30969
10670 22752
24269 19501
6533 30789
12829 17146
21279 8366
11133 10321
13055 17569
6947 21526
6086 21840
18002 27673
28499 11047
32147 12615
7982 23713
26691 11554
19495 30559
10573 21358
17722 20347
16697 27693
5558 22810
20838 22990
671 16448
9363 4002
30544 13033
8356 19599
9572 4437
1443 28168
23511 30883
7686 28476
22889 23457
17456 26766
7747 7651
24890 9030
221 25874
18674 5510
2591 5255
5924 23167
23751 10008
29209 31460
11274 23346
22110 6559
1406 25897
20422 22724
29239 7115
17330 2755
13104 21307
12432 993
7405 23037
1698 8169
22111 19533
32257 20510
32520 12725
3553 17781
96 6366
26902 2817
3702 9639
9176 9391
7130 17780
26307 1587
17595 32200
21281 30274
30029 2327
31852 12802
20333 13781
6927 25791
5000 15315
23661 18399
4281 31691
29732 32536
24625 23866
21139 1248
28636 15981
9370 15141
8258 10975
160 29759
31147 19394
25819 2083
15494 18140
27339 18905
20747 32660
21512 28976
23072 28237
21566 19632
28537 498
15478 20432
17156 16338
27543 20841
13700 5551
10284 3691
7803 4625
18279 17615
19278 30432
17766 31436
31140 23090
12982 17998
20751 18786
6934 10404
8174 8802
18813 21112
24466 5970
3422 25605
17311 4177
25898 32132
22709 24467
12823 13287
30288 31667
22816 15818
2029 13387
30028 27815
29039 5315
32564 17993
4800 26982
3519 21123
11963 6843
5169 28961
14666 21266
16740 19487
20683 8797
25684 14873
26297 5185
31202 9475
23432 27757
18385 18714
4560 32043
10517 24602
15534 19508
28493 3250
28008 31177
32142 6709
9295 7679
98 25746
26858 4187
26384 31878
11600 19870
542 23568
214 28642
27413 16166
21994 27878
6532 29862
24383 3751
18759 15247
18475 23088
5641 113
19533 22706
28680 3874
29298 30423
19992 3251
28345 28244
16619 19874
28662 28094
19343 23633
23637 29342
9528 17335
16704 2503
18496 29270
31362 27111
29292 18797
21676 7261
31345 11374
11959 10314
7863 9394
24300 29675
12636 28012
24321 20518
17788 31708
901 25186
16816 22469
17022 24732
31700 22560
19792 21431
16910 6162
480 21524
29963 14364
30458 29795
6028 16274
10224 20153
30498 12878
900 26594
21045 11941
25096 23800
8011 10138
9924 3892
22919 3922
4248 16901
30320 1480
32227 24415
26869 24514
10147 22102
21933 6660
6109 18411
23651 3267
24383 30246
6865 29532
19972 10597
19628 7238
13336 32755
11489 21829
27772 23516
31775 26593
14317 25344
20629 14871
10944 17767
4861 26446
12817 15828
19673 25997
29724 157
11260 2794
4075 3257
24397 1862
50 4891
12488 9783
9591 26686
197 27974
15221 13314
1661 27227
15811 21430
31178 18037
32689 8822
2606 28830
31603 7095
18199 29983
7297 3104
23905 21744
2365 17564
19997 29042
12246 941
657 24672
6765 2307
24959 15363
20087 1869
18859 17318
15203 26703
5527 24650
31868 5940
3217 24987
29200 17702
25839 1826
30162 23581
15258 10683
11901 5108
9417 6474
18106 24002
14863 682
2884 6503
18840 29158
13386 18789
2736 17580
24085 14578
31620 8446
29930 18507
19501 17451
6194 21322
31466 15870
14552 26171
1453 27701
30451 13548
21722 18996
677 2051
17227 26875
1090 5268
26519 9046
20405 29171
660 25171
26400 8647
14106 1529
4291 24160
28426 17975
1055 9035
4495 8219
29275 9251
28324 9029
28134 9641
983 13210
30046 27927
32332 4925
9649 14770
7684 18619
22402 31903
24159 13701
11214 17143
2016 28836
19407 1566
3889 14760
24608 22096
25959 6113
803 4988
7558 31186
12960 10326
2888 26851
1198 31656
16154 9558
9175 3048
872 15996
22135 26896
16154 31529
5477 170
24927 9829
30165 28714
15017 5220
27261 20865
26361 29625
8183 13807
11612 16070
30823 17177
30901 24951
27229 9819
19902 26416
18173 21087
25162 17667
11101 15087
14797 5159
8494 775
27421 20645
12959 20783
29562 28757
30078 15879
15053 26121
20896 4388
11565 25864
1668 16410
3495 30910
13363 25562
26175 17585
27498 6207
14642 183
2299 31203
22398 1383
24689 13879
164 31949
31219 25043
12205 2914
26475 2314
14699 1338
29927 11970
8193 896
14399 11650
16294 28192
17400 11981
14501 19907
360 11439
15016 31232
30235 12693
5431 30672
30838 19042
12668 7235
6042 24254
22857 18290
14987 25521
28508 19381
14994 7282
31969 21782
31967 23929
14392 25861
20339 1499
26873 13901
3389 8919
19765 7494
19843 29100
25599 14412
8836 13230
16683 1137
11100 2201
20054 10863
32039 17189
7463 6113
10089 27611
11987 14514
22446 26150
21735 25813
24685 27565
3906 22070
10034 20960
2912 15089
15868 19921
10463 14275
11236 10822
10043 28349
10496 9228
24797 24128
20871 24718
14164 11301
5174 12966
5346 12604
24562 8626
10042 22776
21678 26347
14216 10600
31631 21746
17330 1897
19022 23980
15581 2843
30175 10832
3892 30865
22608 31166
22244 12493
28147 14611
26219 12011
11711 2682
531 26012
16628 11845
29881 4310
24062 572
25043 20426
19100 2868
30898 6935
18753 15588
27908 27453
30139 29685
22684 9044
21778 22104
27254 5118
7347 3548
1781 10906
29901 4352
15728 8378
14844 28165
14061 16343
549 19528
556 3396
26785 6095
24808 29281
26013 2850
31321 13585
13504 2908
5885 21614
3855 2689
18840 7611
15374 25618
10618 3481
15912 26591
512 20862
7761 1821
7005 32100
6890 22456
154 18878
15845 25067
26332 28080
7721 27661
6630 27007
20536 14510
4574 21831
18959 27362
5716 2028
15950 1245
4736 10834
12952 13504
32459 2769
21821 25523
914 17635
22038 15156
14630 4384
18097 5294
10519 20845
17838 1870
29874 11632
31081 2066
17608 21319
7642 20515
26289 12409
10681 32100
14993 14124
20197 8523
22234 921
23046 12784
1298 30142
13681 4451
31703 4946
4941 8003
31264 17918
756 2188
10181 18890
30108 18865
24386 24534
30263 5867
17592 6474
6296 7888
20020 20111
25558 23335
8500 5824
15349 25595
26983 21339
3779 30958
3253 9277
18433 13520
24703 22477
20675 8048
17448 11127
7706 4530
17620 28764
4847 8162
11887 26695
14642 32328
11762 28387
5685 5117
26849 17196
7762 12285
11800 1316
3028 5244
9160 15303
7445 19582
5821 30528
32227 32674
20194 25437
24616 14398
3334 24129
1994 20401
5600 26457
19921 29941
28241 31377
24264 372
11498 11207
14437 4125
1198 5759
10860 2742
27929 30169
24272 8564
2913 30913
11547 24777
16635 9830
15633 22909
865 26349
15504 3840
24851 1126
11451 8191
22491 14335
2648 23861
24662 6007
21877 17028
21168 30422
15442 1604
2223 4700
28027 13019
24819 5303
21813 32397
1916 19833
18971 21910
10092 11208
27913 19062
27150 20823
16441 24717
26392 20886
14764 25831
27181 28966
21708 18777
12710 31120
26447 13773
2706 30006
15710 17370
28155 26506
16631 6296
876 21885
12432 20658
11439 12859
10493 29372
32475 1045
1683 23495
19599 21950
24974 23091
9592 18363
10672 27333
28441 22037
9515 19449
31435 9809
22209 23450
15618 29089
3882 29327
2515 24412
11702 13048
31411 25516
21555 31866
24962 30343
4625 31446
27848 14048
19140 705
24894 19998
23402 12528
3216 10189
17326 32626
21857 20883
21996 17730
3215 5990
12950 21533
25529 12285
4822 10385
11519 3460
9844 24663
18441 9876
2299 27362
24651 19298
4631 10296
24711 23351
1346 27137
16275 28192
25759 2781
2652 18150
27430 4091
20267 8512
29186 2280
20007 12360
17719 8612
4892 24876
11144 6907
23674 13862
9624 7442
29601 19886
10319 6209
23131 27118
22143 10272
29098 3190
32200 11493
32197 31281
23225 3821
11101 15255
26679 24728
31268 27941
15907 21082
12432 29706
17207 11535
15580 27428
13873 18063
10065 23594
21044 9347
31171 6443
4715 16759
16478 18999
22767 10288
1955 860
31979 22847
31661 30420
1022 11990
3257 6012
2784 13019
15589 16264
8521 6971
31544 12149
7438 24705
12259 31040
10381 8871
24006 11222
4172 20523
32054 21195
5085 17254
29694 7758
15877 18970
20131 18269
2077 19274
7917 1077
19639 32590
9122 8461
19845 28198
7573 4355
20599 10255
30175 2903
6180 27732
6509 2263
15211 12903
11707 13722
8282 18736
734 10993
7758 165
26312 1435
2908 4507
15816 11320
14576 14299
1104 23040
9140 12921
7675 16821
23220 7777
5582 23766
25023 24371
13247 15126
4880 2641
2931 26125
17454 2102
26700 11564
12816 24585
15011 28150
30853 24945
27218 11373
6355 8364
12918 4043
21406 30939
27251 6003
23052 2208
24632 7207
6695 23787
10180 29051
10883 15889
1000 15242
6432 21279
19535 19687
8593 3949
29885 8407
3678 7798
6548 17853
18856 16870
13724 19413
24843 22005
25859 3109
201 28660
22947 23473
10788 19237
25732 32495
10507 30672
14498 29050
3321 147
19184 22026
10523 31226
29596 8868
24497 12368
13461 23822
15542 26548
18763 31622
9155 25199
25526 15795
5425 8580
15001 4572
20094 5001
19720 23128
18929 9654
32552 10054
24961 27452
29750 14462
6388 20183
18890 23495
21316 679
6237 31562
30534 8764
23817 28742
18317 15088
12433 28166
29069 11897
28577 6416
6140 9150
14423 7840
23678 31210

