52506
18374
61110
13832
6932
28642
36965
49079
23791
40147
24334
27420
49827
42065
46100
25275
32959
50537
56563
42474
34666
6017
33344
42973
39270
22869
28324
20125
49929
40957
46565
21004
45380
58854
48094
31460
26781
31189
39811
16822
23604
52713
28128
52717
25795
42647
28952
54474
6039
43438
36711
22630
32153
19793
17953
18100
10826
42751
27825
63614
45760
6800
23452
36964
33962
26927
29565
47585
40273
41059
33800
18503
41111
26889
37640
46527
20464
46679
33634
33355
24941
21723
39952
29381
46774
55675
28456
45022
62475
28788
41172
17697
30531
35933
36441
32750
44750
29986
21777
44672
53428
46857
47473
48874
29078
29106
28165
48658
31658
34576
47729
46782
1472
10867
33391
28804
35391
20351
44244
36569
32297
31026
27276
36868
18452
26850
23962
44074
38704
44350
40986
37953
6726
37194
43840
37149
5811
27492
40536
33383
24434
19523
58821
48546
44048
36340
49667
19750
20406
49884
44710
36645
20517
33977
43354
13482
23730
41890
55521
41110
42320
46339
37913
42659
37251
676
51444
43618
22381
55712
50048
7742
29382
47472
21727
25207
31710
25310
23116
33832
24219
18194
42014
23620
29055
22154
48316
3730
27807
12315
36782
26804
49325
45043
28813
41254
19951
24215
33295
30265
64326
49126
31998
44310
44330
33301
22334
61631
40105
36018
51916
37133
36462
28579
48314
41395
27062
45605
33845
31034
44889
33229
37248
36868
20678
49547
29944
16203
26376
30884
50703
24609
18876
8629
27217
51823
34330
22964
15459
46071
13811
28400
37632
28498
46765
20492
43004
35572
49226
23304
24387
20517
56416
3130
28119
41478
15647
36174
24790
15506
29774
9290
33908
21402
35406
33422
43770
37322
29975
29645
21454
30624
28473
27926
45675
39546
44762
31695
38245
50054
31931
38069
44390
28368
43828
17119
13365
43577
27955
14009
29611
54394
36162
46346
44222
15398
33920
26095
24184
7846
29091
33759
60669
34620
28669
27303
43146
36354
20085
34411
13425
30442
9867
41644
52767
45245
21334
6462
29719
13341
18567
24910
27894
49795
51555
32356
44654
34114
32718
20315
42060
35972
62268
48491
22387
44617
24511
19233
29919
50541
27902
33634
46244
53407
50488
51309
41198
29035
35910
33494
48384
19251
13975
12428
35894
49710
49202
54230
30980
39537
17338
16976
39925
30436
29027
21488
58030
47176
26110
61955
38634
15416
57843
34354
50557
31782
24642
18806
34130
35932
36227
29480
40557
31482
40677
51189
37099
36603
35119
35042
31743
59185
38851
16974
25844
31045
58262
31470
24110
28856
43579
49872
36394
28134
34006
41563
5754
42239
32554
59721
23243
56589
36493
56756
42976
52979
26863
19207
47766
58473
48089
28937
42719
22273
17257
53975
40648
44839
49496
26087
39285
41754
54260
41223
23072
22004
44327
60253
22302
30377
43376
27494
32986
48896
18149
13816
26841
21149
31800
56642
51383
32249
28593
24520
26918
54629
36397
30569
26866
46091
33318
51288
58368
39661
35500
28711
31307
28645
45670
29881
14054
7332
26259
4941
22271
36277
28171
28535
28888
37241
49215
41511
31436
38698
48182
10401
45649
19929
49039
13187
25329
9072
40322
21956
36177
41906
30177
37808
28204
46902
27665
53743
25941
17009
15891
42108
15545
9387
47998
32175
20316
38663
40066
48437
36952
27516
47336
40723
29154
43999
40718
2728
44102
6358
35565
49576
25831
35047
15635
28451
46401
10090
12714
38526
37353
37775
14193
57973
37257
24419
26303
54305
37860
28357
30852
20973
18649
46704
32072
5791
38744
23286
29739
32854
25712
12223
16868
49031
47683
5647
34756
58879
20237
48126
55986
21990
27682
48000
55852
37048
46318
39260
42829
26188
19956
9269
48066
33742
58319
45957
41174
25284
37429
18078
34405
38925
43760
33705
14825
33502
23781
38568
32113
56262
15119
28789
16037
41897
9089
26049
44486
29381
34408
11799
46248
42928
36103
49880
19903
30296
41147
40508
47889
22276
53751
55896
40253
21838
40774
12308
27259
48943
40011
22066
17820
13301
30917
49228
13576
37700
26501
48596
47548
52250
25976
30994
18001
35789
24738
22058
38392
19724
48925
45589
25465
18140
17950
33188
32818
48025
24816
53377
19227
43002
18424
41007
34757
53774
34737
42758
38230
14393
26543
28473
34191
24634
45469
21968
37833
34341
55361
59824
31728
43882
32372
10895
12687
34253
24106
43009
30404
20077
3952
32880
54089
28863
44906
16412
27499
6544
26451
40992
14099
42503
21374
9582
39105
29346
19032
40912
54412
35382
33637
35046
26405
46321
7744
17195
15570
26456
35228
47344
18549
37194
19014
23391
31364
19708
41506
33147
38927
28157
38698
42781
29117
28720
23155
35830
31440
18132
36649
12944
49182
2944
29071
48973
48920
36130
24066
14184
40131
48893
14324
40944
48322
34737
12530
31953
47180
28723
28575
12236
46384
13009
38582
46970
40149
10802
44045
20047
13116
8272
24463
27027
36349
64901
45631
39014
27463
22395
32057
49862
59618
24636
22705
18562
6957
13602
58098
32836
33826
36324
26465
38542
27214
19344
25977
19642
36826
26509
30669
38905
51590
17046
6923
41046
30122
54210
21749
40881
21300
46975
47973
41158
47278
40595
56147
40485
43830
40220
32712
33080
54661
22927
22761
33090
24298
39865
33520
25178
41549
48065
27955
38005
50478
28964
41244
45659
44707
33209
26927
24750
56927
53421
55305
36071
41896
19845
44892
35930
13405
49952
42740
39726
9205
34483
37814
15207
14979
34507
28317
29661
43949
14927
48062
28483
44467
28540
20802
31521
28779
31466
32367
26331
29768
18051
37536
17066
49487
16528
50249
32415
32288
43693
63478
27046
26356
51407
59209
36989
42138
28742
43008
31936
33659
30391
37614
21474
35477
33055
2815
54826
62081
13012
9269
15803
31853
15492
43693
32143
43299
19252
35228
24695
53249
22339
37452
34847
38400
21351
8994
52229
17583
48043
11928
30854
33078
33912
8772
28114
25429
27018
11727
7923
27747
7415
27136
28875
24144
22061
24496
30997
29348
49394
28373
7521
29056
19556
38264
37401
43161
55798
38591
14719
16961
52345
33254
25260
31839
30482
39231
26772
16242
27711
39222
12542
38292
11476
24401
35726
33137
46848
28968
28861
46420
30025
58227
41179
43548
3468
41210
41749
38464
36865
37283
42090
50385
34354
41321
14005
19573
25095
42848
28583
42606
52413
44212
26571
42385
21995
37799
39298
52559
33405
40599
40966
34993
15290
22263
54888
